2
4
5
18
20
21
22
24
25
26
27
28
29
30
34
42
45
49
50
52
55
56
58
59
62
65
67
70
72
74
75
76
77
82
88
92
96
97
99
101
102
107
108
113
117
118
139
148
149
150
151
153
158
161
169
177
178
185
192
198
199
207
208
213
216
218
225
226
228
230
231
238
239
241
245
246
254
266
280
284
287
290
295
297
298
299
300
307
312
313
315
316
317
318
319
320
324
325
326
327
328
329
334
337
338
339
340
341
344
346
350
352
353
354
356
359
360
363
364
365
366
367
368
369
370
373
374
375
377
379
380
381
382
384
387
388
389
391
392
395
396
398
400
401
402
403
404
405
406
407
408
410
411
412
413
416
417
418
419
425
429
430
432
435
436
437
439
440
441
443
444
447
448
449
450
451
454
457
460
461
464
465
467
468
469
474
475
476
477
478
479
481
482
485
489
499
501
502
504
507
509
510
512
514
516
517
518
519
524
525
526
538
539
542
543
544
547
548
552
555
556
562
563
566
570
571
572
575
576
577
580
581
582
584
585
587
589
596
599
600
602
603
604
608
609
613
614
616
617
619
620
627
628
632
633
635
636
637
639
640
641
642
644
645
646
648
651
652
653
654
665
667
668
669
672
673
678
681
689
693
695
698
700
704
705
707
708
709
710
712
718
720
721
725
726
731
733
734
739
742
743
744
745
746
747
750
754
757
758
759
760
761
763
765
766
769
773
780
781
785
794
804
808
811
813
816
817
825
828
829
831
837
841
843
850
855
861
863
866
867
875
876
879
881
882
891
892
894
895
897
902
903
907
909
914
915
919
920
921
926
931
932
933
935
936
937
942
943
947
951
955
957
958
960
962
965
967
969
972
974
975
976
17
35
45
58
71
155
162
205
217
218
222
225
228
233
265
315
318
322
325
332
336
345
356
359
362
368
369
370
377
379
381
390
391
401
407
427
438
439
443
467
474
494
495
496
511
540
541
555
579
590
593
594
598
607
609
612
616
617
620
626
650
658
659
667
672
675
677
678
681
690
692
695
705
708
716
721
723
729
731
737
741
746
763
779
780
793
796
808
820
822
827
849
851
859
870
893
895
919
929
937
952
962
963
980
981
